name: ml4hc
channels:
  - conda-forge
  - defaults
dependencies:
  - absl-py=0.7.1=py36_0
  - appnope=0.1.0=py36hf537a9a_0
  - arpack=3.5.0=blas_openblas_202
  - attrs=19.1.0=py_0
  - backcall=0.1.0=py36_0
  - backports=1.0=py_2
  - backports.weakref=1.0.post1=py36_1000
  - blas=1.1=openblas
  - bleach=1.5.0=py36_0
  - bzip2=1.0.6=h1de35cc_1002
  - ca-certificates=2019.1.23=0
  - cctools=895=h7512d6f_0
  - certifi=2019.3.9=py36_0
  - clang=4.0.1=h662ec87_0
  - clang_osx-64=4.0.1=h1ce6c1d_11
  - clangxx=4.0.1=hc9b4283_0
  - clangxx_osx-64=4.0.1=h22b1bf0_11
  - compiler-rt=4.0.1=h5487866_0
  - ctags=5.8=h1de35cc_1000
  - curl=7.64.0=heae2a1f_2
  - cycler=0.10.0=py_1
  - decorator=4.4.0=py_0
  - defusedxml=0.5.0=py36_1
  - entrypoints=0.3=py36_0
  - freetype=2.10.0=h24853df_0
  - glpk=4.65=h0a95893_1001
  - gmp=6.1.2=h0a44026_1000
  - h5py=2.8.0=py36h917ab60_1003
  - hdf5=1.10.2=hc401514_3
  - html5lib=0.9999999=py36_0
  - icu=58.2=h0a44026_1000
  - ipykernel=5.1.0=py36h39e3cac_0
  - ipython=7.3.0=py36h39e3cac_0
  - ipython_genutils=0.2.0=py36h241746c_0
  - jedi=0.13.3=py36_0
  - jinja2=2.10=py36_0
  - json-c=0.12.1=h470a237_1
  - jsonschema=3.0.1=py36_0
  - jupyter_client=5.2.4=py36_0
  - jupyter_core=4.4.0=py36_0
  - keras=2.2.4=py36_0
  - keras-applications=1.0.4=py_1
  - keras-preprocessing=1.0.2=py_1
  - kiwisolver=1.0.1=py36h04f5b5a_1002
  - krb5=1.16.3=hcfa6398_1001
  - ld64=274.2=h7c2db76_0
  - libcurl=7.64.0=he376013_2
  - libcxx=4.0.1=h579ed51_0
  - libcxxabi=4.0.1=hebd6815_0
  - libedit=3.1.20170329=hcfe32e1_1001
  - libffi=3.2.1=h6de7cb9_1006
  - libgfortran=3.0.1=0
  - libgpuarray=0.7.6=h1de35cc_1003
  - libiconv=1.15=h01d97ff_1005
  - libpng=1.6.36=ha441bb4_1000
  - libprotobuf=3.5.2=hd28b015_1
  - libsodium=1.0.16=h3efe00b_0
  - libssh2=1.8.1=hcdc9a53_0
  - libxml2=2.9.8=hf14e9c8_1005
  - llvm=4.0.1=hc748206_0
  - llvm-lto-tapi=4.0.1=h6701bc3_0
  - lzo=2.10=h1de35cc_1000
  - mako=1.0.7=py_1
  - markdown=2.6.11=py_0
  - markupsafe=1.1.1=py36h1de35cc_0
  - matplotlib=3.0.3=py36_0
  - matplotlib-base=3.0.3=py36hf043ca5_0
  - mistune=0.8.4=py36h1de35cc_0
  - nbconvert=5.4.1=py_2
  - nbformat=4.4.0=py36h827af21_0
  - ncurses=6.1=h0a44026_1002
  - notebook=5.7.6=py36_0
  - numpy=1.15.2=py36_blas_openblashd3ea46f_1
  - openblas=0.2.20=8
  - openssl=1.1.1b=h1de35cc_1
  - pandas=0.24.2=py36h0a44026_0
  - pandoc=2.2.3.2=0
  - pandocfilters=1.4.2=py36_1
  - parso=0.3.4=py36_0
  - patsy=0.5.1=py_0
  - pexpect=4.6.0=py36_0
  - pickleshare=0.7.5=py36_0
  - pip=19.0.3=py36_0
  - prometheus_client=0.6.0=py36_0
  - prompt_toolkit=2.0.9=py36_0
  - protobuf=3.5.2=py36hd28b015_0
  - ptyprocess=0.6.0=py36_0
  - pygments=2.3.1=py36_0
  - pygpu=0.7.6=py36h917ab60_1000
  - pyparsing=2.3.1=py_0
  - pyrsistent=0.14.11=py36h1de35cc_0
  - python=3.6.7=h8dc6b48_1004
  - python-dateutil=2.8.0=py_0
  - pytz=2018.9=py_0
  - pyyaml=5.1=py36h1de35cc_0
  - pyzmq=18.0.0=py36h0a44026_0
  - readline=7.0=hcfe32e1_1001
  - scikit-learn=0.20.0=py36_blas_openblasha84fab4_201
  - scipy=1.1.0=py36_blas_openblash7943236_201
  - seaborn=0.9.0=py_0
  - send2trash=1.5.0=py36_0
  - setuptools=40.8.0=py36_0
  - shogun=6.1.3=py36_blas_openblashfa2a97e_3
  - shogun-cpp=6.1.3=blas_openblash9eb233f_1002
  - six=1.12.0=py36_1000
  - snappy=1.1.7=h0a44026_1002
  - sqlite=3.26.0=h1765d9f_1001
  - statsmodels=0.9.0=py36h917ab60_1000
  - tensorboard=1.5.1=py36_1
  - tensorflow=1.5.1=py36_0
  - terminado=0.8.1=py36_1
  - testpath=0.4.2=py36_0
  - theano=1.0.4=py36h0a44026_1000
  - tk=8.6.9=ha441bb4_1000
  - tornado=6.0.1=py36h1de35cc_0
  - traitlets=4.3.2=py36h65bd3ce_0
  - wcwidth=0.1.7=py36h8c6ec74_0
  - webencodings=0.5.1=py_1
  - werkzeug=0.14.1=py_0
  - wheel=0.33.1=py36_0
  - xz=5.2.4=h1de35cc_1001
  - yaml=0.1.7=h1de35cc_1001
  - zeromq=4.3.1=h0a44026_3
  - zlib=1.2.11=h1de35cc_1004
prefix: /Users/adamossolomou/anaconda3/envs/ml4hc

